((("scroll-margin" .
   [0 0 0 0 0 0 0 0 0 0 1 0 0])
  ("scroll-step" .
   [0 0 0 0 0 0 0 0 1 0 0])
  ("setq" .
   [1 0 0 0])
  ("defvar" .
   [0 0 0 0 1 0])
  ("defunx" .
   [1 0 0 0 0 2])
  ("lambda" .
   [0 0 0 1 0 0])
  ("elm" .
   [1 0 0])
  ("mapcar" .
   [1 0 0 0 0 0])
  ("e" .
   [1])
  ("append" .
   [2 0 0 0 0 0])
  ("map" .
   [1 0 0])
  ("lst" .
   [7 0 0])
  ("cdr" .
   [3 0 0])
  ("not" .
   [1 0 0])
  ("and" .
   [1 0 0])
  ("stringp" .
   [1 0 0 0 0 0 0])
  ("car" .
   [4 0 0])
  ("concat" .
   [3 0 0 0 0 0])
  ("let" .
   [1 0 0])
  ("string" .
   [1 0 0 0 0 0])
  ("cond" .
   [2 0 0 0])
  ("list" .
   [6 0 0 0])
  ("print" .
   [2 0 0 0 0])
  ("1+" .
   [2 0])
  ("defun" .
   [0 0 1 2 0])
  ("if" .
   [4 1])
  ("foo" .
   [1 0 0])
  ("file" .
   [1 0 0 0])
  ("footnote" .
   [0 0 0 2 0 0 0 0])
  ("FF" .
   [1 0])
  ("require" .
   [1 0 0 1 0 0 0])
  ("smartchr" .
   [0 0 0 0 2 0 0 1])
  ("anything" .
   [0 0 0 1 0 0 0 0])
  ("anything-gtags" .
   [0 0 0 0 0 0 0 0 0 0 0 1 0 0])
  ("cadr" .
   [1 0 0 0])
  ("find" .
   [1 0 0 0])
  ("find-tag" .
   [1 0 0 0 0 0 0 0])
  ("anything-c-etags-find-tag" .
   [1 0 0 0 0 0 0 0 0 0 0 0 0 0 0 0 0 0 0 0 0 0 0 0 0])))
